2413142000000000000000002411111142000000
2411142000000000000000002411111142000000
2441442000000000000000002411111142000000
2221222000000000000000002411111142000000
0241420000000000002222222411111142000000
0241420000000000002444444411111142000000
0241420000000000002411111111111142000000
0241420000000000002414444411111142000000
0241422222222222002414222444444442000000
0241444444444442002414202222222222000000
0241111111111142002414200000000000000000
0244444444444142222414200000000000000000
0222222222224144444414200000000000000000
0000000000024111111114200000000000000000
0000000000024444444444200000000000000000
0000000000022222222222200000000000000000
0000000000000000000000000000000000000000
0000000044000044444040000040444440000000
0000000040400040004044000040400000000000
0000000040040040004040400040400000000000
0000000040004040004040040040444440000000
0000000040040040004040004040400000000000
0000000040400040004040000440400000000000
0000000044000044444040000040444440000000
0000000000000000000000000000000000000000
0000000000000000000000000000000000000000
