100000000000000000000000000000000000000000000
100000000000000000000000000000000000000000000
011000000000000000000000000000000000000000000
001220000333300000000000000000000000000000000
000020000300300000000000000000000000000000000
000002222300333000000000000000000000000000000
000000000000003000000000000000000000000000000
000000000000000333330000000000000000000000000
000000000000000000000000000000000000000000000
000000000000000000000000000000000000000000000
000000000000000000000000000000000000000000000
000000000000000000000000000000000000000000000
000000000000000000000000000000000000000000000
000000000000000000000000000000000000000000000
000000000000000000000000000000000000000000000
000000000000000000000000000000000000000000000
000000000000000000000000000000000000000000000
000000000000000000000000000000000000000000000
000000000000000000000000000000000000000000000
000000000000000000000000000000000000000000000
000000000000000000000000000000000000000000000
000000000000000000000000000000000000000000000
000000000000000000000000000000000000000000000
000000000000000000000000000000000000000000000
000000000000000000000000000000000000000000000
000000000000000000000000000000000000000000000
17 1
13 1
