21000122222101222222222000000000000000
21030122222101111111222000000000000000
21000122222100000001222000000000000000
21101122222222222201222000000000000000
22202222222222222201222000000000000000
22101111112100000001222000000000000000
22100000012101111111222000000000000000
22222222012102222222222000000000000000
22100000012100000122222000000000000000
22101222222111110122222000000000000000
22101222222222210122222000000000000000
22101222100001210122222000000000000000
22101222102201210122222000000000000000
22100000002201210122222000000000000000
22111111112201110122222000000000000000
22222222222200000122222000000000000000
22222222222222222222222000000000000000
00000000000000000000000000000000000000