04000000000000000000000000000000000
04000000000000000000000000000000000
04000000000000000000000000000000000
04000000000000000000000000000000000
04000000000000000000000000000000000
01112000000000000000000000000000000
00002000000000000000000000000000000
00002000000000000000000000000000000
00003333300000000000000000000000000
00000000000000000000000000000000000
00000000000000000000000000000000000
00000000000000000000000000000000000
00000000000000000000000000000000000
00000000000000000000000000000000000
00000000000000000000000000000000000
00000000000000000000000000000000000
00000000000000000000000000000000000
00000000000000000000000000000000000
00000000000000000000000000000000000
00000000000000000000000000000000000
00000000000000000000000000000000000
00000000000000000000000000000000000
00000000000000000000000000000000000
00000000000000000000000000000000000
00000000000000000000000000000000000
00000000000000000000000000000000000
